image: SimMap.pgm
resolution: 0.015000
origin: [-0.505000, -1.500000, 0.000000]
negate: 0
occupied_thresh: 0.65
free_thresh: 0.196

